46814
46778
46765
46759
46754
46740
46702
46698
46391
46334
46315
46286
46264
46098
46058
46059
46063
45896
45835
45787
45789
44879
44595
44485
44417
44408
44314
43836
43834
43835
43762
43691
43653
43650
43651
43631
43400
43399
43265
43254
43253
43203
43152
42736
42696
42579
42400
42287
42285
42022
42023
41781
41796
41774
41763
41751
41752
41727
41640
41085
40739
40683
40684
39793
39794
39783
37876
37610
37611
37116
36874
36737
36716
36253
36149
36037
35832
35859
34782
34743
34581
34203
34172
33990
33981
33973
33972
32841
32843
32257
30385
30347
30348
30054
30047
30021
29675
29620
29549
29542
29536
28764
28202
28203
28177
27792
27644
27466
27467
27104
27099
27163
26954
26953
26949
26938
26653
26284
26247
24661
24325
24387
24305
24117
24116
23919
23568
23503