671501
671811
671841
671561
670661
670401
670401
668361
668371
645301
643021
641951
640081
637881
633091
631111
631101
631461
624061
622281
618981
620031
615641
607851
602051
599081
599101
595981
586781
586791
586721
585261
581651
581651
580961
580971
580981
579361
571691
571681
565261
565281
565271
561491
561271
555361
556341
553481
547761
543001
542141
534331
534451
524011
526281
524871
523861
523871
499311
518001
517981
499291
499281
499301
499371
487351
489341
448131
480991
472151
472161
460991
453161
448541
448101
438331
438631
433951
428031
434331
427431
428041
425051
416291
412341
41235
41232
41237
41233
41228
41236
39173
40086
37721
40432
39772
38550
38863
38907
38253
38252
38228
38227
37721
37720
37417
37431
37430
36895
36458
36122
36125
35831
35828
35965
35870
35822
35925
35827
35278
34196
34825
33174
32792
32631
32673
32674
32594
31799
31955
31871
31871
31871
31459
31459